100
5
0 0
10 0
10 10
0 10
5 5
7
884434 -275159
-458540 -99950
104920 833858
-741636 -223145
-908374 -467150
-975975 404950
728997 -263807
2
338361 -860
-91267 -1000000
6
-333223 -766174
-382628 -398166
427428 -889664
435565 -943182
-696715 -729761
-142602 -43544
12
396221 -19006
-447000 89400
-943285 587991
465292 56831
-40131 190622
-59130 11826
844050 -168810
-337050 67410
329870 -65974
-196078 913154
241657 256526
294845 995367
2
-969940 -91037
-494991 452893
14
-494866 114595
-329174 731665
-739127 -784238
-275656 -47104
-933413 424933
-57969 879687
-53276 -92235
295468 816897
911537 -429201
-837944 -70184
-742994 53637
340724 -536934
644929 -109481
265353 -39657
12
989069 451276
250260 -166840
-887315 717423
322221 -108554
766607 -10898
-80754 53836
611178 -407452
956552 414862
619359 -353450
-217746 145164
45640 439500
87162 -58108
9
1000000 391468
614000 -691528
-713626 -859419
1000000 915698
-674852 222513
669188 102613
1000000 714764
1000000 952024
-432614 16899
15
-25449 -575862
56791 837502
-739518 -508078
904613 -763285
-8379 96906
-674054 126173
206963 393013
-319033 -666747
821335 658051
-258819 -777152
65127 907923
391509 -817544
-207317 -423077
614089 -896737
854879 -484482
2
-680974 -613489
-579364 -464570
15
-16060 64387
842611 64387
298021 64387
998085 64387
120893 64387
-849205 64387
-558433 64387
940386 64387
-816627 64387
515915 64387
-926472 64387
578523 64387
-648572 64387
271032 64387
56022 64387
8
748191 -473656
353585 -1000000
-450107 -83000
-674234 -623727
697894 -297890
979171 509466
-101266 -124449
93292 -1000000
5
-193980 536979
482687 114541
386542 -432755
-675985 -774998
911288 2731
7
-249758 -988228
-512937 -410216
-56058 -549708
-870316 751968
810537 362592
-310691 -595061
356538 574009
15
188068 -335020
475218 989937
319234 -708209
453307 -945420
940764 -302518
255627 15601
-520234 -209224
65958 744413
-148148 649598
422409 365416
-922546 -872821
838475 -460694
-148752 713098
-599112 879242
766954 -717748
12
58161 -779887
808072 -34365
-502315 601884
-273357 510673
-471792 721053
-405417 832518
-102846 -553517
-770217 -569852
-928726 -744459
-434542 764588
-713940 383607
780602 12908
13
166494 612268
-760793 -354497
-427178 575452
835299 -564634
-770506 -172629
-779357 54949
909092 -859954
-562588 739587
-268335 113167
-143953 -53763
-712998 -167434
-669866 -612082
-984976 -239991
15
496811 -46604
766818 930692
794880 -428392
-923947 -44366
-539240 -21391
744211 277194
-903154 359636
349306 -246546
-14004 600327
-281388 756102
133760 360932
-230225 -645032
-892828 389698
-252415 -662612
552177 -151806
1
1000000 -856083
15
-282829 551769
-138733 -312642
-353972 492488
98767 817481
806629 -739879
131452 -301862
-2283 281558
-985670 -819296
-739104 -882672
-948646 97176
130675 -614269
623262 298569
678322 526514
-197718 483188
-845195 297829
1
-119628 -39876
14
-976440 650960
-570990 380660
455286 -303524
649230 -432820
731268 -487512
104172 -69448
-833610 555740
-215838 143892
943098 -628732
-701424 467616
980814 -653876
-857796 571864
-536898 357932
-424386 282924
15
-961353 731974
-347347 502981
-493766 -655497
-53955 -117964
-840021 -330349
-24142 -936252
216553 -461680
756089 514779
-397468 -698055
-194745 566333
-246749 -145177
274958 -443900
-788367 -813648
94602 799347
631981 149513
1
446381 -1000000
4
376174 702657
481231 702657
914337 702657
666384 702657
15
447640 537168
-375325 -450390
347150 416580
832265 998718
-122440 -146928
500680 600816
307505 369006
-5895 -7074
730110 876132
-408245 -489894
-727265 -872718
14855 17826
87790 105348
149980 179976
-19845 -23814
15
446212 -683987
-589648 587734
954610 -604248
513705 480074
750843 -212425
-82176 243096
513630 240351
969235 454417
887411 902632
-839737 -180422
523490 458338
166024 13023
939095 129164
813145 863152
346484 -376544
2
247899 684317
247899 -852620
13
860781 -1000000
778680 -1000000
-641970 -1000000
777368 -1000000
-935222 -1000000
-117688 -1000000
-108760 -1000000
-989008 -1000000
55573 -1000000
24748 -1000000
-401600 -1000000
-213601 -1000000
192566 -1000000
11
749654 -847564
485645 -7786
-823084 -737359
-516754 405125
589368 407746
-547074 -251983
148732 568696
334802 -987912
750003 -337034
601528 585966
517990 543633
12
-640418 42379
96376 71572
-187067 152304
-181429 -230565
497711 732461
-766682 476257
-945563 -523144
918889 -911134
-36527 417568
419429 910375
704490 -757570
825554 -566962
15
-964118 -218259
155258 -955981
475740 998407
854968 917331
738541 -95462
-127739 424767
-975939 609005
-806014 812538
744297 703444
345637 199663
581819 -41980
306315 -115046
-655620 -187248
290333 473603
-92023 -428484
5
-117198 -24405
-327411 -24405
899646 -24405
234356 -846162
814615 -24405
15
203854 -227835
-354430 -484449
435429 735821
393686 445600
910824 -576225
-968459 51064
321480 661104
204121 -675412
111637 -672265
-768007 -169635
-476311 -102061
-25290 -216818
-723060 887730
-153954 -72520
-177955 982553
14
-69200 -109748
77783 -109748
530505 -109748
-446092 -109748
599374 -109748
-561284 -109748
-643042 -109748
-831495 -109748
246616 -109748
78320 -109748
-975895 -109748
-367063 -109748
69256 -109748
644738 -109748
15
83636 815173
310069 911455
482939 153195
-941545 -867094
-623742 -378034
-463831 -388083
-718782 913615
-520907 -469944
-472780 -969362
820435 758079
317076 840097
-694283 653454
474802 917692
318449 -351304
-888550 988395
3
-514992 257496
276600 -138300
-684872 342436
13
620061 -620061
303090 -303090
-159291 159291
-474531 474531
839079 -839079
-331065 331065
-209625 209625
-919419 919419
-298200 298200
295824 -295824
-406095 406095
-778695 778695
362421 -362421
15
335131 954130
969152 395773
-193039 -749532
790373 -743296
-4699 56138
163431 -859350
421754 913628
663893 -942132
297717 799635
772620 32760
-650751 852515
600899 806002
30959 -993237
-136332 -614933
-375654 285880
15
-510487 486685
-577203 526837
398236 263709
597940 401860
71800 -544927
-100320 -355774
-742136 664581
83037 -967343
330749 382689
-852015 137104
-596837 -946678
-316962 -908597
806469 -475689
367122 271755
254651 765866
15
-107681 -138279
-718884 -960388
-333484 -824983
-761598 -402529
803331 -526527
946355 -592168
443433 699788
-396631 -891662
999561 710956
-928408 406674
-972080 869553
468594 41813
424822 278997
405008 288828
619568 -625114
10
46424 393711
118519 -833989
837149 -379059
-101489 561092
-352068 575813
-353853 -158150
-513122 -889660
-928883 -606609
781560 -920667
589386 724349
9
586932 -195644
429918 -143306
-690498 230166
-904080 301360
-999780 333260
629292 -209764
109044 -36348
-783426 261142
325914 -108638
13
392066 239916
-941214 643697
-204270 -720894
769498 -466390
983573 586787
-385080 409503
-563191 -633438
-972731 -335431
537329 129219
102079 -252878
-679551 -536025
20417 792191
-237133 8767
15
-83917 647197
303275 73527
618162 -986577
-533527 692392
-80250 232520
339012 418095
548551 -97303
-882340 766741
-355449 649864
-560827 765914
-546662 -480663
159865 293036
170259 789952
-396896 -616297
385876 -629035
9
87049 93042
87049 -376334
87049 483725
87049 369980
87049 -279504
87049 636700
87049 365212
87049 -840648
87049 -333338
7
-330828 1000000
324733 1000000
966966 1000000
-233473 1000000
993081 1000000
695142 1000000
-798099 1000000
13
770176 -74283
127160 -427189
-88213 -782326
854048 -96855
343295 -74283
-658756 -624349
-75585 -74283
-933554 -913365
705896 -74283
-473207 -937882
23060 -552002
890643 -127154
877711 -74283
14
1000000 431032
1000000 593133
1000000 -848999
1000000 -528878
1000000 -320177
1000000 156130
1000000 943467
1000000 -930262
1000000 -910632
1000000 -605405
1000000 310936
1000000 9775
1000000 -60957
1000000 927964
5
890851 21071
85639 -649396
756892 10943
-290585 -268520
-286452 -31828
15
-590987 -858353
519721 815432
920864 -899825
-130025 471103
218216 -916205
-65812 344579
-115563 998269
-209075 -104779
-561955 621964
-196435 511613
-324559 415027
698136 -729383
-324915 402578
479278 -666531
191420 736800
2
-475656 -741699
-222125 -954239
15
-166712 36074
-518206 -67810
-613204 -261695
108493 842863
822117 587038
540665 -579513
-504411 -539023
119059 -550687
421612 14305
362956 423198
-48216 -288299
274812 836510
-420523 931608
-60613 273842
-463519 178015
6
699565 -317138
295721 144879
-119318 -597183
-819885 136933
-317782 996308
504980 903101
7
969023 -241356
-883604 683034
679434 883026
-13831 581345
267660 -133830
600940 -300470
-561501 735219
6
-270832 -137780
-216114 -576304
-215853 -432406
119952 873899
-97719 -260584
282534 753424
6
-561966 1000000
-199653 1000000
820316 345827
-86572 1000000
-563232 1000000
820817 1000000
8
-353738 942499
782855 130784
651302 -14387
360990 -604510
379236 83981
-236775 397215
687580 -957484
4661 659195
3
-324074 1000000
-374377 1000000
775598 1000000
4
490699 -540177
960225 -586893
582035 -463955
-549907 -485901
5
210064 315096
-305804 -458706
553128 829692
579072 868608
-73880 -110820
15
-897628 -111707
266916 -463878
906640 -566977
782335 146124
647335 412840
272654 253241
-79411 156220
583872 535945
23377 -289697
517713 -700072
369460 -930888
-410330 -907870
-73898 895743
-493876 -314465
-274486 -750901
15
581482 -69697
-151602 198115
182965 -173868
-994944 -17377
-895846 -44001
104865 -835433
875777 -929791
574347 58235
-768296 786280
287030 -4862
771437 -567841
109485 -478257
-129088 179599
416820 -624477
-396269 -143835
5
721603 792187
221719 98371
221719 -384945
221719 243706
221719 531492
10
-352960 -134949
-60115 -736580
-74189 -134949
303574 -354784
258563 -134949
363394 -941925
-301059 -769197
-329964 -134949
-291365 -582432
-688968 -134949
1
934994 -284109
15
-194833 -383481
919142 151192
-738541 -240037
-406684 643824
-497879 979615
-744531 -386928
-79619 494026
601058 918526
-89493 81220
242839 -301231
912052 -787021
-790592 283456
695517 445278
-948436 135085
-962288 -179760
15
295706 -573690
-332373 363435
-66829 136024
-391124 -958748
209583 -214967
-925120 75271
-145794 557744
261659 -799417
-836484 783514
-133712 761478
425266 661500
975168 106780
-752360 316677
321153 -337005
486220 57820
9
-254666 -923882
601148 -191632
885929 219651
554589 -708991
340555 -535350
13553 527412
-254666 982314
241997 140676
-254666 -604142
3
823657 -1000000
-475633 -1000000
-716607 -1000000
9
-586111 -882974
711450 595056
437859 -13631
-498302 -155240
834664 489008
-59112 -544434
-907069 744911
-954312 -825815
-362702 515496
7
-375683 174617
-489229 70915
-7230 -11568
-368592 -481702
-155260 -80123
-586184 108243
-591691 -66819
15
93847 -227186
949579 -109467
772153 -844046
192697 -292564
140819 -627805
-334129 507202
-413337 957129
-674273 -693807
619468 507735
559208 437374
413134 399379
-125265 -783889
64148 -208876
-21250 -346477
-887193 368667
10
631231 -177457
-325202 -670585
-910513 -880249
331345 -14314
42197 -953456
-340097 880597
573457 660992
-314766 -239096
-881854 -818273
894296 23994
1
203576 -660447
4
403872 403872
551304 551304
-630820 -630820
-486728 -486728
3
785968 775020
-735338 -874843
310666 844315
10
-595395 -238158
-407337 -340953
556048 -200925
592524 -260685
272244 -422090
820850 328340
862976 26066
215515 86206
242070 -550693
360142 -940826
15
-325124 -778911
-213888 -778911
470252 -778911
599210 -778911
608068 -778911
272649 -778911
611450 -778911
41032 -778911
-578650 -778911
567946 -778911
-167484 -778911
-21148 -778911
8810 -778911
681655 -778911
157148 -778911
13
811775 -454264
-191497 -1000000
933472 -744118
-170580 -63357
-544004 891036
-354214 -1000000
843018 -1000000
672088 -1000000
-314919 -752291
910811 -1000000
206185 130689
-707334 -1000000
-814419 -559958
14
176170 -140936
902820 -722256
-309460 247568
-601673 778810
489535 -391628
426306 134601
638035 -510428
386034 327727
-628795 937291
-147140 117712
984706 -478371
-917004 778717
679123 308426
585457 91288
15
39422 474954
-992649 748878
706078 435636
-707138 658359
-721165 -248911
692344 833860
-291858 -47707
-51581 -171808
-316305 595215
775369 -873766
58981 718708
-824144 -462998
983976 -228290
-308838 665924
351412 -797235
12
359746 -798335
-60008 1000000
777442 -559018
-921926 1000000
55962 1000000
703863 1000000
-373432 1000000
384081 626772
621726 1000000
332139 1000000
977676 301222
893816 -143204
15
-228461 380266
66951 14863
610987 -592868
738600 -772157
-566434 -451441
937200 -201285
1726 231916
4621 -652419
-814800 -320495
-18814 706410
575604 -704149
-669310 -295896
-51371 -7794
-637626 -199058
-103747 -701888
12
414281 593384
90051 -253102
-878790 92030
-901878 275849
-477596 970550
945006 484376
295653 -416015
-869246 -809205
-542093 906828
456935 -83819
-599276 748633
-17533 36668
9
582237 -1000000
-728524 -276788
131643 952938
623654 -1000000
-398050 -1000000
-134622 320041
-928384 -154110
-203604 736220
-196923 -1000000
15
170840 52393
398522 642787
277005 822531
103671 531877
298406 185525
978976 -608908
866416 485613
-494679 632401
724281 -126368
-872376 863885
-685698 902924
83155 -198820
-169126 -928711
232636 -171626
364797 134300
15
879611 -401712
-372710 802628
18161 -998259
-824606 700635
54605 894683
767864 297789
223699 254079
13340 -473045
-364832 594576
763922 -58604
-589934 -926695
-49292 799817
-932114 898803
608290 327017
-289229 -706701
2
-426567 -1000000
766784 -1000000
15
-226626 -734558
139102 -639092
-621135 283960
13843 -482988
259542 -789754
-193000 315905
-289253 -196538
-250435 265255
561677 -905248
-950477 -598791
-302262 25387
-7446 771144
247124 -635244
354259 715024
-598679 -783909
15
-405557 914367
390035 812028
222929 -982184
537614 994319
-901924 340575
744938 -718461
-802933 96245
401247 -466355
-864810 230906
-749600 -750673
158070 194557
-131578 60617
-73305 -831802
942106 806536
298986 572629
5
213498 -259882
-834090 -152609
97548 791414
-695329 -734475
110754 -421248
4
-404944 691905
475410 691905
-112948 691905
243795 691905
9
570759 614364
451032 -300688
142301 413211
744345 523046
968078 -100261
739104 597132
-476891 355105
412968 726103
217926 376698
15
136919 -446599
-300009 241736
723867 -2911
667772 -74390
-457252 818424
454231 -65547
974275 238448
-896538 -33994
-868648 -351230
-706279 216269
-340904 -428266
-541919 -118036
241313 489439
520012 111507
-130047 -255000
12
-923456 517238
-363035 345924
186114 -431909
1000000 142023
433822 -223595
-449281 -751709
-211172 -80070
1000000 -359925
1000000 28863
-653521 -141351
1000000 -431522
1000000 344812
9
-766708 -118273
797364 -49147
303023 -118273
579923 -118273
935654 -118273
-325748 910396
-756398 -118273
388261 31699
51785 -118273
14
87238 746695
-481738 855608
8282 -216869
416091 856424
-225070 113008
630524 225437
-510926 653680
-857942 215977
290248 -821722
255934 488324
916610 -648055
-899136 177926
138354 -43089
111481 596322
10
760356 -837676
-802105 -837676
270221 -837676
403505 -837676
-27130 -837676
-48914 -837676
284581 -837676
-748879 -837676
387412 -837676
-826704 -837676
