100
5
0 0
10 0
10 10
0 10
5 5
10
124368 -146046
517991 85032
-73761 705155
-640641 500964
307688 713140
309631 713140
-495656 -663457
174471 15873
-313195 -273538
643433 713140
8
936454 -277037
-671245 -277037
173195 -277037
-781379 -505581
-99635 -277037
-785170 -800143
650637 -277037
840888 -788862
15
894366 -560567
11157 758309
-720649 242135
54649 -107487
-563527 -780703
572696 -226857
292057 490306
309271 -265035
-122770 54380
-263583 -347391
-608571 315224
955689 962321
16035 -734037
-695330 629581
147604 -577441
15
-247543 415437
770254 -426908
-759360 56814
952692 -267588
-271319 -785508
172644 -891194
905610 222725
-575340 -328090
980605 466192
-219432 812952
18556 354556
886480 -38983
639099 -533742
-479291 -800448
87745 -16117
10
407446 -299035
462232 -299035
931860 -299035
591462 -299035
-913621 -299035
-922670 -299035
707030 -299035
-955030 -299035
-492563 -299035
-370460 -299035
5
289953 110989
-363099 -472639
546600 555345
-959879 -342425
-604104 96122
15
878889 -633842
114939 -310262
-732982 285579
-7615 105780
581556 971241
912278 -626506
-871681 -419607
-336538 -811538
219177 198304
637036 455098
625165 459467
-395287 -514159
-622770 139357
-345511 817471
321425 -137865
12
-658992 -998959
-880426 396178
-835400 -22296
226976 -998959
-478556 706078
-821985 -998959
762988 9961
-289483 -998959
-213864 -998959
-948417 -998959
140159 393636
405862 -683930
9
563882 807038
608205 608205
-265816 -198645
-676459 -528158
692638 723965
84246 177558
-130853 101846
559768 738289
509666 790529
1
719508 875852
10
-619024 -154756
-864936 -216234
-450380 -112595
-299288 -74822
-817616 -204404
916768 229192
-749200 -187300
-61964 -15491
-946820 -236705
657460 164365
15
845052 -95225
956607 -989236
914462 -49990
463723 374454
-335110 -70929
-112874 -15770
-694306 959665
411183 57382
988366 -703631
786880 -535573
-299760 866337
-858207 81798
261369 390544
549502 177799
-439559 -758885
9
183418 -533391
791230 158246
675504 -482765
8220 -118577
826773 -425168
-773390 -154678
-117419 -485037
917588 -808494
-138869 -532266
15
562114 32485
585878 917923
-120244 495146
-268490 266509
-475791 -915256
-415550 -754528
453403 403381
131837 206815
-597365 -684125
-215014 -151034
-933062 -475647
-376411 890838
329300 418290
923813 -774545
-48887 -238473
15
-576987 562277
135782 813314
407543 -840519
-573324 -181565
-493048 -671301
356450 -845539
262281 -454749
692054 -371306
-23691 895847
336876 284539
714579 -751883
904664 394071
730998 269086
202876 -111981
-468897 97633
5
666853 -1000000
519116 -913166
-159962 -1000000
284281 -1000000
-915102 -1000000
7
565339 -1000000
-378166 -1000000
-668375 -1000000
139749 -1000000
-227975 -1000000
624741 -1000000
654576 -1000000
15
-23850 -423014
756087 -922609
-630716 234087
247682 69873
-271739 748583
-914843 -362622
561934 90808
500307 -46125
-938170 -444603
-803396 -781780
-201994 -716287
556329 36112
847274 -574270
-145277 849247
640055 -183637
11
404240 -202120
679520 657980
-207710 103855
-594600 297300
-64380 32190
-735213 618033
-290810 145405
694351 171697
-558603 641309
-396990 198495
-806710 403355
6
893412 -744510
-215118 179265
-848568 707140
-271086 225905
673098 -560915
-621372 517810
15
315822 -99128
277377 768925
-789509 573786
212837 367859
-530550 840727
-156655 238986
943096 226896
-795376 -450675
898907 -778943
224837 158419
985218 488867
664735 27976
320288 -343903
117541 290409
629181 -838135
5
-426438 -47382
-225639 -25071
-927999 -103111
-813024 -90336
1998 222
8
-612744 -1000000
-352359 -1000000
-166838 -1000000
958202 -1000000
531794 -1000000
-44720 -1000000
311178 -1000000
346125 -1000000
5
492416 -179181
-197087 -179181
-531743 -179181
-982868 -179181
168857 -179181
10
110276 502310
-871162 -1000000
-829447 253055
121718 -722483
-273078 -1000000
-272004 -257059
-192647 -1000000
-253884 632448
832412 -1000000
912659 61542
5
-591401 -482193
826067 19426
-760656 215941
962103 903848
-250944 544834
10
-307494 102498
-716526 238842
-650334 216778
866466 -185918
372956 772768
-663685 837190
303529 581849
930993 448259
251268 -83756
200563 771331
15
562985 -924487
-196020 -312763
-49290 878167
710022 719487
428689 -103328
-142531 -573193
462943 -657462
371145 -478193
-283564 -943593
610805 -251236
-817656 796077
914864 665319
-980396 695542
293989 -80452
742325 -375037
3
-600817 171662
-877567 381962
-387252 242921
15
553803 279092
-288830 8315
391550 -753707
-290662 -924312
704082 750637
-615119 -477167
-104209 311352
527744 -642975
-444842 -676204
-960132 34640
453423 267434
-20979 933410
-798131 -430792
-240356 331550
848423 -437930
15
922200 367798
-326848 748449
973971 -408358
-285007 -365183
141117 15303
239009 82219
-576511 466187
-691817 240443
-979108 -128503
-453013 -931184
829694 -402897
983713 243940
604725 596098
699473 -836067
-906389 -739433
8
251417 -286150
841019 553224
-828219 757096
867832 814264
-888594 641032
210131 -253451
-308187 -304720
886892 597397
15
-546650 602842
-514633 -830036
937936 99868
435302 13902
843737 518242
789486 232558
-727135 988693
792062 -591697
-660927 17368
-749919 -696852
-119772 439014
-379983 762509
708474 -135941
739362 912054
-199302 -50078
10
-712914 571308
-246894 976360
464819 446641
-799542 977428
215130 -127059
-745648 964847
656015 1000000
-809793 1000000
-392107 -455707
498090 1000000
15
65850 741464
-451491 191595
570953 -242125
267571 577200
-316534 896548
219488 -259783
-924007 935469
-802283 -241836
-378587 -166823
-468702 967438
215287 981177
663831 817911
277220 -649711
310553 -554091
347504 105484
7
216080 997859
-271258 969191
-904182 -97701
-554907 409034
-348854 -156269
11829 666265
864408 520709
15
687302 -693424
-742819 -426116
-908296 -431047
261835 -28794
541704 931218
41614 472290
-700046 -679496
-700043 -683449
877329 -72585
304707 542594
-362719 -539787
-792064 156833
468347 -11298
-22724 -812913
125932 202020
14
-467539 -1000000
108661 -1000000
29034 -1000000
807038 -1000000
-226189 -1000000
-308176 -1000000
-928990 -1000000
-730500 -1000000
-52023 -1000000
483229 -1000000
-47401 -1000000
-235723 -1000000
947935 -1000000
269780 -1000000
11
-748631 167672
-510201 167672
650499 167672
-783072 167672
-30256 167672
-878068 167672
885907 167672
-585039 167672
-39658 167672
-726023 167672
-464749 167672
11
618419 1000000
-596154 1000000
952564 1000000
-157915 1000000
631355 1000000
-135677 1000000
750897 1000000
-704373 1000000
-438448 1000000
762275 1000000
-70702 1000000
8
791454 -989184
-541280 766117
1000000 -7657
1000000 634912
1000000 889340
1000000 755259
1000000 -58773
1000000 586880
15
333114 399806
-196962 233073
-233958 -593201
-800267 324635
-168196 -640926
326918 780324
871283 -481746
204811 -287829
-500172 53173
205256 959204
368818 330990
-889052 -682198
894862 858319
702655 -630979
511085 470062
4
-307892 -538811
-498036 -871563
349664 611912
-214588 -375529
7
-150149 159956
-102843 159956
-670752 159956
346271 159956
-591029 159956
307985 159956
-553746 159956
11
-28757 523582
-612570 40806
125819 -444967
-338701 417987
-693508 690598
-919418 429765
-188830 -391477
419482 -24446
310458 784615
284731 -990165
-319802 402970
15
-642922 -38097
554609 954119
978042 -999220
168109 -78210
327675 957671
878261 696402
404283 470382
-48102 213017
821518 -640704
-321363 -115881
-776430 588210
-193735 -869308
203179 -145062
968977 196472
-35746 492257
10
-103375 -689825
-154156 -735641
-318981 975375
-557880 -614394
-828061 381199
191095 917120
275688 -954013
724847 -502642
680502 714636
342581 -282467
7
346542 -594312
357653 -249256
-36328 288190
-252255 -265058
377765 -130081
52689 948036
49351 616006
14
280767 -714972
-114004 890326
813029 912327
406829 969719
269112 117957
-434368 236129
939157 312723
448929 47694
-614287 254092
205644 493548
-392180 -545793
-584234 213247
-36964 -101262
-110857 381216
4
973816 698008
-522245 -930025
589382 175686
874092 -492038
5
249189 -83063
-755718 251906
-156885 52295
418758 -139586
405384 -135128
1
280501 671492
8
-812347 -903973
299100 680678
226010 -487189
541217 193925
-638171 696006
387272 -758993
-649305 422574
909337 696006
7
-712541 850609
-766230 -563488
987121 -463802
11823 609662
-667200 248143
-235436 -210111
864925 -169607
15
103845 515627
-423111 -754111
995997 695317
-827655 -652554
-805605 -161646
-472892 815239
-738597 463297
-388656 -953544
-270886 462291
-727468 459131
123176 -284785
-284752 718896
215183 396014
-819411 833938
-510842 -743802
14
263481 439135
430830 718050
-177171 -295285
-847958 31629
-262764 967831
-408186 -680310
-977727 248960
-912659 612968
-214677 -357795
-816967 -820147
-635584 -14137
-182517 -304195
-777700 315927
454206 757010
15
-476568 -714852
-183988 -275982
163048 244572
-325032 -487548
21300 31950
257012 385518
21476 32214
-513536 -770304
16792 25188
140376 210564
-352744 -529116
103596 155394
-432652 -648978
-133224 -199836
358228 537342
8
-472130 -250010
236736 175972
-769759 -1000000
-265023 -1000000
466615 745264
993171 -1000000
-963304 -1000000
-89945 -1000000
3
877884 -1000000
-857274 854023
303730 -1000000
13
621642 459494
885864 -888941
247913 -435690
942084 838048
493316 50051
247913 599065
607983 -841106
247913 -390487
337841 328875
331320 -905568
247913 -400999
859813 -243212
247913 -574564
13
-866958 334621
642467 197758
-315830 -264884
722569 194966
-479628 -474744
467535 718317
326067 261367
-26390 392574
413402 21472
162183 120
15406 -190182
-151555 827168
-37701 -6725
14
-464641 131329
971027 -774686
252427 275154
-379547 955804
-834456 670716
-760456 182875
-341267 -655588
533633 -586501
-521910 -210525
-900963 -943964
317339 -51426
-575673 -542723
905659 -242758
-182112 -859119
8
162954 -215716
-223577 -56573
-187014 -56573
830097 -929776
-612327 -56573
975992 -56573
-746195 -679563
868183 -56573
15
964044 252905
-56867 773314
950095 -391890
-619670 -877796
217574 901881
397893 -117648
-142970 -75270
143862 335497
-142293 -45673
308910 749908
348973 101605
376050 -310810
-392542 -338390
-763640 -700350
-482311 343019
15
-22032 -346861
778941 748691
14241 911599
857712 -815583
-860612 -803898
-883294 859556
408853 -652694
-805696 -410942
381386 -64430
-401700 -12033
-963851 -485576
660043 650067
758186 -348909
684565 413872
820743 -401457
12
-535530 -853860
812341 780374
-641830 408985
-367307 242227
458049 -802805
-979778 -333629
-374939 -133957
350104 -983446
830224 736870
217829 833363
850948 522430
-801536 -251702
3
762248 -53333
602189 996534
-601591 909641
15
-904010 672938
-444178 77699
-538163 -287938
146313 -662146
697992 -308471
-669139 -221115
-698391 -138637
550383 -546150
223579 -960752
290918 -884861
-210555 -249020
-900092 -88844
-78493 -926520
907404 -166048
-467236 -485768
8
1000000 -724390
1000000 420648
1000000 661801
1000000 -453717
1000000 -963349
1000000 -806877
1000000 -605867
1000000 -26886
5
1000000 726589
560144 340994
1000000 163339
-149097 691482
1000000 672052
1
78279 -72609
8
990058 -159854
77814 -159854
179 -159854
-919095 -159854
-877436 -159854
481212 -159854
-607199 -159854
-266241 -159854
11
-317738 560902
279732 -751294
434311 406263
-234308 -194468
-855968 631424
596799 424938
-833896 4389
-944797 227789
627480 418426
-461340 557813
-495852 -563336
12
989069 451276
250260 -166840
-887315 717423
322221 -108554
766607 -10898
-80754 53836
611178 -407452
956552 414862
619359 -353450
-217746 145164
45640 439500
87162 -58108
15
-781853 738903
-422950 432356
-773371 -459801
481688 -59856
278776 -718385
-133172 -451621
416751 -961395
-627161 28774
913257 -549922
-610101 945525
884271 985300
-482366 -4120
573732 944988
-921911 936399
-150761 625006
13
782972 195089
-778040 356973
-874417 -341057
107792 977838
-589941 843321
321540 752011
551565 380271
-677057 -917962
369108 -119703
-981435 82283
-651740 -955589
-801028 -461316
-891091 -330287
7
985886 855238
-286742 855238
539589 855238
567916 855238
706695 855238
-891009 855238
768531 855238
15
370346 -370346
427086 -427086
183820 -183820
939872 -939872
264642 -264642
581802 -581802
378732 -378732
-707678 707678
-404286 404286
620460 -620460
416066 -416066
241584 -241584
297792 -297792
649244 -649244
-703914 703914
15
-272255 -456744
728553 -163758
873627 830918
-116765 -705975
204193 -148127
143769 -339702
-669874 -334699
-125897 -22337
215662 -118145
63756 -665375
-22599 -861104
-387249 10668
611535 -59919
-830157 -221582
-789613 -230641
14
-200958 -173875
-949486 806399
772609 -502623
-604286 192451
-88620 879931
-977151 226962
-189257 -802823
330547 140108
-234637 160077
-180381 -893021
590893 -517062
-752738 -477000
74300 -682016
806760 843133
5
-845944 469434
707709 -415777
93927 382855
-474173 -529859
708462 -398067
5
357569 287326
239457 245144
-879894 1000000
-869046 1000000
329389 721137
8
-613680 245472
-452120 180848
356410 -142564
-401902 561514
174347 239828
53670 -21468
742740 -297096
-775010 310004
14
-988365 705975
-563752 402680
-507752 362680
-166327 118805
-221690 158350
794514 -567510
350000 -250000
493479 -352485
-758149 541535
-445333 318095
-539539 385385
-687967 491405
847147 -605105
-688079 491485
12
832091 -590290
832091 -760962
832091 478480
832091 507938
832091 723070
832091 583411
832091 -818394
832091 937313
832091 -701804
832091 735281
832091 -348721
832091 53029
2
-876177 -172920
456314 226950
5
40122 11666
93491 -936831
413290 -830855
88072 -21602
247815 110140
15
-768933 826550
-664295 249630
985845 -344093
-490801 814270
-203857 930136
737666 -594284
-96086 -284464
-332134 -461144
628286 -764053
942302 625160
899640 262566
-781604 807856
-909594 -760348
-390758 -744570
794631 -101661
2
728244 354586
-884663 415349
5
626032 200389
-642476 414904
570339 19307
593980 -762825
59977 -570694
2
424511 -1000000
-674824 -1000000
15
-521836 -240250
-743906 140462
964798 364942
-732088 221358
623192 783557
-963286 823760
-515150 -559489
357838 -159143
-94128 -840933
201332 -80220
941466 421804
666938 -944119
-602583 500720
-466382 -641662
-992708 872773
15
-242821 -773578
-704514 -131433
-650171 1500
128237 -524218
521070 -836335
-320055 -842746
741281 -894449
-920204 551973
-860092 452241
703530 126350
959265 -198611
547018 -540805
-655584 -212145
965420 -490716
17892 -236494
10
725755 1000000
-304464 1000000
891503 1000000
-787568 1000000
840701 1000000
-427384 1000000
863335 1000000
415609 1000000
940817 1000000
163226 1000000
2
210487 -353841
-206440 -425722
15
-418552 -321683
262676 -928443
-834445 826120
221791 777537
-976163 189344
-889582 271827
728306 105236
768173 386501
-673570 -606016
-217892 578983
-778767 -949952
314148 -415610
38160 -668052
110986 155036
-203792 727396
12
-174301 777836
-903082 364236
438673 470617
-554469 572213
739079 -479089
-844297 404912
224104 -293110
821795 390186
401846 61122
539452 429457
-96559 -255020
937625 -954957
12
1000000 132244
1000000 784644
1000000 820907
1000000 794732
1000000 -469169
1000000 -500957
1000000 -599821
1000000 48468
1000000 -214301
1000000 -832713
1000000 236387
1000000 -678627
10
-915752 -367299
700872 213233
965817 750097
327610 -772229
-71559 888091
138115 -79709
258184 517264
764575 -93625
-194036 426315
384852 217179
