100
5
0 0
10 0
10 10
0 10
5 5
3
-889057 642947
-908643 406908
-397701 519157
4
211263 -445514
10162 392531
10162 354499
10162 977668
15
749797 361048
974360 515934
188431 -575327
-769356 475683
-939823 -67673
399013 286376
356734 337155
-160212 -758623
760590 -279717
-935837 555524
-962953 -336410
-221056 792237
467851 -640229
82505 149750
425105 484731
12
105254 -1000000
247989 -386239
381324 -830455
827525 -1000000
-50759 -1000000
-719300 -1000000
-264543 -55297
904981 -757897
-993407 541324
321772 -1000000
-657065 -1000000
-600231 -1000000
5
509049 -1000000
239460 -1000000
-543932 -726330
918984 -1000000
-609101 -1000000
10
-645387 330672
987977 330672
695284 330672
767179 330672
547376 -27124
-605425 330672
398735 330672
-965792 330672
-112657 308125
769165 -941731
14
997661 427569
713993 305997
-27286 -11694
535591 229539
613277 262833
134127 57483
555513 238077
798189 342081
-82509 -35361
-546056 -234024
741811 317919
691285 296265
-929908 -398532
-798378 -342162
7
1000000 870957
1000000 -96915
1000000 302575
1000000 -488666
1000000 615445
1000000 682477
1000000 -269345
5
-289647 -572201
1000000 -557281
304164 -814132
556084 894894
1000000 218303
12
489885 -499639
902961 -538462
-516907 -361685
-500666 -996022
-422707 -914338
-344140 61132
705729 831024
193182 -735901
-955952 -775373
-690239 920562
-744209 459069
704148 -289591
15
890802 675574
55316 248876
106767 -927138
424113 -770490
-793179 513941
-883613 -331036
-454704 419090
-504428 -329008
-394715 425645
105768 616463
389082 681948
-146236 911668
571015 809656
909851 -737185
95075 -489706
15
-924360 540557
-887325 -488828
904524 561491
-659848 904200
-592549 -299388
-730997 -522661
106035 3168
-552713 -703222
-627590 -389378
107041 394755
338467 215511
516077 626825
61459 -262230
-994124 655234
923345 238877
1
-159367 -552253
5
1000000 -601601
1000000 847141
1000000 122978
1000000 -945469
1000000 216132
10
231191 1000000
-618790 1000000
730236 1000000
-963024 -866713
697216 1000000
39015 431600
146237 1000000
857727 372939
-809875 -213299
-702964 15599
15
188565 -96109
-779117 891395
-36190 -280750
359868 -989249
130240 15222
-203877 -914785
-86918 -274297
900584 919661
-350555 -858759
-22803 730296
-150692 -607419
-915369 -595383
-266099 -374564
967106 -707738
-993318 94349
5
399740 4230
267255 -29695
-41562 4618
103590 -11510
-687573 693871
12
-611768 -1000000
233777 -1000000
-679085 -1000000
682293 -1000000
33063 -1000000
980779 -1000000
-166037 -1000000
-198255 -1000000
-67822 -1000000
-233553 -1000000
-298754 -1000000
411703 -1000000
10
-635224 178958
-635224 -763368
-635224 138164
-635224 -32318
-635224 -643561
-635224 -745785
-635224 -345306
-635224 179803
-635224 -97452
-635224 136262
15
-928503 634372
420277 179049
-450055 -187862
-295211 -556672
128704 270632
783274 125658
-366451 -38554
338897 676089
921823 -129118
598205 -559944
758026 341619
500844 -61182
-189049 463309
-305687 848055
-902288 124499
15
-19941 -922820
-790724 440527
263145 352679
-626365 -977806
511997 -568085
-73921 -466930
-924050 -50487
700212 -355664
380094 211273
828199 -825600
-874730 -880491
-324633 -197529
402858 -300969
391424 835049
996525 41338
1
-610377 170993
7
-744758 583832
-61644 554648
731873 797475
756802 842187
854016 -129049
-593960 712664
-963954 535530
9
449850 -343209
238610 52658
422573 -700204
-822303 358521
-126687 685575
-638804 -132725
-184127 -362600
-530086 935418
-11873 92471
3
-954312 650244
-304815 315573
-429990 163750
15
132354 -791484
554691 -340422
220863 940256
735757 445504
-740093 -882987
-378268 -348319
507139 44157
10733 -566012
-191757 970997
800096 4862
-783469 -313580
229316 -587593
429499 -31466
-664683 -767967
149902 530377
12
-652415 391449
117440 -70464
-226039 444703
-798068 779234
477000 -286200
5705 -3423
783825 -158757
-683750 410250
785365 -207696
-181410 108846
656484 412135
892665 -535599
3
478271 -801229
580598 -801229
178393 598333
15
935362 159871
269450 -759675
782599 495784
174973 463752
-567511 -447165
-335958 -763166
-386852 709916
-679435 -652846
-771122 -620335
726086 -349960
903414 -17821
227815 -23208
-89114 -954671
133800 -933513
-599785 203220
1
298892 166511
15
607091 -759472
485097 958542
-555140 949252
-515527 -793958
430318 370884
-660043 481240
-580831 -905369
34102 910067
929358 -245994
101621 595802
759843 833931
548627 -32232
-328399 -438163
-752648 188840
-2898 905980
7
100160 -37560
-372944 139854
363920 -136470
687656 -257871
171000 -64125
868312 -325617
-256392 96147
5
-851244 -118526
-37489 -635834
-331922 -159070
821812 -118526
-450006 -118526
11
300021 800056
344679 919144
-33186 -88496
-82566 -220176
-17241 -45976
120156 320416
-156093 -416248
227400 606400
287424 766464
-160248 -427328
-327063 -872168
15
676203 163695
1142 347990
203720 890627
917958 223644
821501 -364175
-308236 159593
-838298 908088
835929 945783
-494991 -723543
581864 -15118
778528 743223
793151 351118
813275 -512782
-95597 -683025
-958368 234495
15
215839 -255799
685272 732640
434957 1742
-923851 -402364
-386271 943920
147944 100597
-332884 142423
-793669 339996
20805 791873
-652798 169277
856011 150608
-158768 -76934
-159796 342889
-158953 -127438
975222 312789
15
-161664 571116
-255894 751304
-874094 -849050
-573296 -308759
203630 42873
-521700 744264
-385104 888965
-949227 -112565
-342415 -361352
-811651 117357
319728 -483162
435768 911949
-257153 680260
965923 42015
881561 824336
9
53727 525671
-668889 -741790
-95300 98680
-424442 -724029
-971796 850676
16076 555800
-721615 -170885
-113558 -567790
99173 899205
5
-571445 -878488
563770 175371
-571445 407100
-260212 -342522
289544 -433234
15
987814 -993351
865553 -400298
791020 -307162
889397 -580933
283051 -438905
-726159 -189914
60163 -227181
210525 562665
-591349 586774
-970194 -470580
694257 -565287
-691848 -880054
858585 566004
-573249 907415
-717618 -280457
12
-482057 779285
593695 -220465
-993872 325265
-383123 -878394
343396 -522829
531152 209312
-184133 203601
151988 -122651
427188 642578
-96346 312316
-754791 268790
-602353 -14150
14
-759883 952203
-469012 324257
620218 -973382
222063 -547779
12138 -271850
-52970 -294162
-275871 -872290
171099 469808
-631459 877029
-954665 -993740
-205296 171730
-910763 -29418
375665 554240
837050 186600
12
989069 451276
250260 -166840
-887315 717423
322221 -108554
766607 -10898
-80754 53836
611178 -407452
956552 414862
619359 -353450
-217746 145164
45640 439500
87162 -58108
4
82768 744912
18762 168858
98496 886464
5600 50400
15
-961035 -931878
-263743 -643117
414119 -841606
631713 -593201
-350073 732166
985132 -167560
-234251 778305
823995 331160
-689212 -391538
-349524 -319861
-789289 -287474
-748928 -872549
-214362 74597
983298 250041
460229 -807294
15
-40389 -979073
-726967 -329251
86570 -628375
517721 -516342
-855895 839832
904032 -250653
-812731 761266
506405 498611
-412879 -823336
308530 447714
-855527 266231
-387373 -815096
338238 929076
-470389 478421
-729228 299559
5
627640 -156910
-24008 6002
930544 -232636
-753632 188408
743856 -185964
5
687311 173835
-218963 226873
-794892 264964
289734 -96578
-976506 325502
13
53816 -811445
-183057 42661
757094 411045
593221 554231
583734 242031
109285 -604065
-549947 -648467
-352346 304152
625867 -773005
-579900 689096
-874303 -34750
-197718 76497
717525 141914
8
28832 -1000000
-424325 -1000000
-949317 -1000000
545111 -1000000
3225 -1000000
-211772 -169837
812541 655712
-19032 -1000000
15
-296807 879160
186551 -221913
424943 230371
-682044 -747953
154532 635340
-468897 836175
820705 866807
79527 -926556
-205641 218557
65176 970528
-975747 422036
-479160 -76553
-761436 128493
271792 697715
-751982 -113029
9
759204 923997
848072 350132
-997395 413143
-278752 689853
-468401 739030
-163689 -296470
-98708 876409
-236773 -401372
485592 943344
3
619688 -183928
-773874 -183928
500611 -183928
10
184371 61788
184371 351941
184371 566092
184371 -310715
184371 596595
184371 -222368
184371 622508
184371 -239618
184371 336958
184371 761689
7
-902051 -683189
498424 -848315
637765 -909724
-577552 745093
679837 -897017
944701 168072
-172262 29376
5
452232 282645
743218 -9516
-521262 -369272
-613248 -383280
-747480 -467175
15
259469 405201
-589285 200008
-567792 -112790
-614459 -910943
-562066 733397
-761130 263618
105260 411314
-799584 -231658
860014 267208
-771009 -177833
157539 200124
-658341 -362270
-914546 -9552
-224805 387142
766715 -701994
12
365008 -617904
-640789 -61354
207644 -263412
777387 -258163
112070 729026
524201 -473331
-393122 -888801
862251 50080
-668502 -103031
10686 563725
595565 -54148
70869 -394391
9
987814 -1000000
-104875 780040
-590494 -768864
859257 -1000000
-693293 -1000000
-925411 -1000000
855056 -670650
532900 -624540
-38444 226228
15
-39880 -757883
810204 -439234
-872214 -416144
439697 479598
-134139 -767387
880340 295402
37140 -127287
569506 438199
160090 -834906
-731687 947507
785866 241287
-834011 389755
-791702 707717
-588173 741340
-716162 -808432
6
-971484 -117872
-690926 1000000
-974807 935024
-500146 -804555
-153563 1000000
109560 1000000
9
-326812 925649
-337922 -174098
-887614 -85223
442872 906121
525252 -74849
226707 519878
560 896960
-992632 956277
145907 -665374
15
-97695 428763
495373 910482
795758 833059
121362 423542
-487977 594280
-330712 901460
-608035 529384
-760870 -14480
912744 328789
-852216 587061
-673421 -475457
82578 -765009
-130053 -875487
255642 174949
-699480 -955966
3
500941 -653320
-254661 -154222
-237588 634390
1
-953107 -476928
15
-326595 -935741
224328 -150273
939240 368214
-861581 -11970
250374 -3471
-618389 -457017
519752 21874
-289520 401090
-843606 536419
-291774 90151
558634 520841
-393777 -273842
114115 210958
611978 -675813
75194 21138
12
-647556 485667
-535052 401289
-366684 275013
-628876 471657
-569532 427149
866356 -649767
-312908 234681
-491104 368328
-419500 314625
-975840 731880
855700 -641775
202820 -152115
14
667612 632224
23930 -902934
108292 77693
933349 221961
-58537 92069
-507989 -923573
902228 646114
338457 -941253
130675 -777554
222221 105141
-96315 -673297
-42574 -397304
296143 66858
-986367 812624
8
-69967 489709
-345472 -445035
30172 -445035
-588999 -445035
-470185 -321611
647396 826096
512208 706319
-363878 -415233
7
308679 288423
709300 -335508
76543 -578654
-611060 -342028
728321 -417218
-400931 -372618
-834322 155647
8
-324296 -730750
-815421 157171
-834629 933818
-631774 428833
-973204 338501
51524 128810
-238432 -596080
-799472 981873
10
-427231 -21625
-67628 -21625
-985679 -21625
-612963 -272991
-121740 -21625
-887306 -21625
-309592 -21625
63098 -21625
509385 -596221
-147317 -202912
8
401052 33409
-500321 33409
369782 33409
97630 -474211
-909573 33409
-241263 -569520
770219 -430436
530713 33409
15
465708 -797826
-655937 60132
-484509 88153
-874010 839421
-273156 646180
186212 595729
48147 -270441
400175 -899719
-139260 748555
414694 757821
-799943 330360
-314142 55020
-248649 512220
854809 -188956
-236200 -566587
11
124587 27686
-584334 -702695
920196 204488
-730674 -162372
973715 -111049
-219840 -663738
-938036 -438900
-891998 -851622
-706538 -829402
394588 -856204
-174105 -38690
14
310654 -87927
698209 -867614
-647752 -855056
508834 -277369
-291455 611592
-168498 590981
-260364 265366
102817 269548
-389450 509148
-163798 -354528
450514 679573
552168 519256
-659710 683628
-520499 -860865
12
-778666 -1000000
771317 -1000000
349509 -1000000
377387 -1000000
907462 -1000000
-564220 -1000000
-104266 -1000000
229168 -1000000
893564 -1000000
-43795 -1000000
485799 -1000000
-997135 -1000000
15
625618 734630
-954484 -956012
489284 -425246
339627 -324743
-880813 918482
604934 308110
529470 -673621
-868685 -480007
-678500 899359
936977 -738988
235663 549496
-633672 848857
-182579 13362
-308221 -680010
-981394 979641
1
-497853 -176956
4
390576 195288
847428 423714
-730576 -365288
533912 266956
6
448416 1000000
33478 1000000
-431178 1000000
799075 1000000
-946510 1000000
260405 1000000
15
-140835 -340619
-496208 445703
207637 148699
894526 -935012
448519 -238855
640122 -990159
-779585 88935
288159 192644
42200 -263201
-706301 327157
275668 607350
-294958 -345709
283788 -968817
-793140 -658495
731852 54731
13
402022 -238514
881774 -314045
881257 898015
566312 350133
-787866 267711
142982 -373675
-734866 789964
-390787 -132912
214669 -76312
-186527 -278167
-855282 598152
821386 16332
822045 985601
9
-360229 -1000000
-351141 -1000000
-673296 -1000000
884307 -1000000
-441999 -1000000
373105 -1000000
-809675 -1000000
277245 -1000000
179670 -1000000
15
-619767 206589
-142281 47427
-163593 54531
466524 -155508
840654 -280218
898659 -299553
-774549 258183
488178 -162726
237105 -79035
-218853 72951
-151938 50646
-261576 87192
-254664 84888
586341 -195447
893133 -297711
15
333569 678886
227123 404236
-863002 -798075
869774 792798
982366 -225528
-307510 991809
435991 832737
-822383 891162
681496 -611757
212338 -326817
416300 583035
224229 418885
701166 -989695
84043 -890418
602923 -654953
4
643034 -697179
-911710 -589597
198506 144814
1000000 683922
15
-168211 302361
-698900 -467389
-177283 691434
793766 -88652
905111 -639412
-968800 685400
732358 -597657
603798 -170001
477182 459534
478834 585917
-712845 -219758
187730 -829967
-282502 351170
-445489 -2247
305358 -969816
12
-774988 -564201
812853 -564201
204505 -564201
936197 -564201
998213 -564201
-581163 -564201
-151851 -564201
-905397 -564201
-860811 -564201
-353206 -564201
-436200 -564201
638579 -564201
15
-619709 144302
11582 832607
-821469 -238060
169599 -401106
-360187 -405588
405034 8334
-133007 643381
-763669 773685
-312804 338524
75051 93015
262170 -748782
-65559 -350985
623071 566061
690076 -664197
-468624 -50503
2
106890 -698827
176137 90600
8
-78623 1000000
-610087 1000000
653421 1000000
249871 1000000
-219821 1000000
-114688 1000000
-335193 1000000
-537647 1000000
4
-632271 617808
641028 147472
845098 396021
-74736 152212
4
-679771 -1000000
86695 -1000000
886340 -1000000
-64091 -1000000
6
775727 -164629
21387 -164629
971362 -164629
252071 -164629
795856 -164629
535583 -164629
13
598492 -35194
708550 33639
-603980 -750231
349710 149023
498658 -669034
-666548 -661486
227797 680822
661698 -344586
581768 63004
-253996 542344
-251749 -585382
-712476 -481275
796195 782503
9
428749 -399782
597695 -809973
296500 -602695
437545 957175
774004 -106413
-104037 -931044
711843 -722588
666666 -25040
-659659 -598993
2
-42963 -185600
165457 -185600
15
-499430 -111025
-164822 -534171
-356312 -774996
782896 48939
-521899 -975032
-23170 416443
-161450 525355
-766403 -396234
-289436 -999771
316327 958593
456140 525267
-44666 746311
-116373 -542257
-469353 95204
-626644 705505
