100
1
19
23
999990
999998
11100
999999
999000
4096
990000
10010
22
901
1110
2
29
210987
31
99000
101
10110
11111
99
111
20
199
1999
1000
990001
901234
1099
900000
10000
2002
1101
999991
11010
9
30
102
2201
999989
321098
100001
100
12001
7777
65536
10100
200
1001
128
201
11000
456789
12
21
16
9999
999
10011
999001
10101
11001
2100
101000
19
1998
11011
11
2101
110
101001
99001
567890
999901
999900
10001
91
2200
90
1111
10999
10
11110
100000
989999
900
1000000
32
11101
900001
2001
12000
999899
2000
998999
899999
10111
1100
