100
1
19
23
990001
1001
100000
12001
899999
10100
999001
12
99
21
201
999998
2101
900
210987
11000
99001
901
11111
111
900000
200
2200
999901
900001
2100
10011
91
199
990000
999900
10010
30
543210
101001
1110
765432
2201
1000000
77777
102
20
999989
11101
998999
1100
2001
999991
11
10999
12000
109876
100001
131072
19
100
11110
1099
999
101000
989999
1111
10
22
9999
90
1998
11011
99000
65536
1101
31
999899
101
10000
999000
10001
1000
10101
987654
9
32
1999
262144
11100
29
2000
110
32
2002
10111
11010
999999
11001
999990
10110
4
