100
2
286 1 261346807
219 1 598154438
2
320 1 406619663
5 1 708653517
2
180 1 30
180 1 10
2
255 1 595254154
32 1 604081572
2
69 1 723609925
256 1 378537039
2
138 1 364239358
148 1 782294539
2
260 1 820627126
133 1 287187581
2
359 1 40000
157 1 71133
2
153 1 247689493
74 1 500689289
2
205 1 134910321
317 1 734320253
2
171 1 883661196
94 1 397831593
2
67 1 975198054
180 1 502737810
2
150 1 832013922
149 1 341086316
2
318 1 409178101
213 1 750274645
2
12 1 139165125
297 1 148488931
2
125 1 636966545
332 1 905429604
2
20 1 339073863
172 1 131097848
2
330 1 665364592
336 1 477220467
2
328 1 399841032
263 1 211080358
2
77 1 560364197
221 1 860346939
2
213 1 594566357
96 1 120098154
2
164 1 362231597
272 1 70102929
2
129 1 948339474
151 1 580626145
2
198 1 605344421
17 1 140336958
2
91 1 103445204
156 1 584224672
2
120 1 600402143
300 1 959906041
2
30 1 471972342
257 1 905154043
2
3 1 578185799
43 1 280247402
2
1 1 477026030
82 1 462682521
2
180 1 1
180 1 100000
2
192 1 616723659
47 1 921512119
2
209 1 660523722
237 1 630736577
2
32 1 98771165
291 1 989906965
2
231 1 546350582
233 1 294250611
2
60 1 533881862
239 1 476773872
2
151 1 694314799
303 1 667568653
2
171 1 131427440
99 1 924086797
2
248 1 133160814
262 1 360118695
2
303 1 408778146
234 1 222045147
2
39 1 525017853
214 1 140453550
2
262 1 484887590
193 1 844800472
2
226 1 168964623
55 1 110572867
2
5 1 855572013
174 1 368638446
2
21 1 86732393
164 1 920594362
2
112 1 858509354
172 1 796789371
2
296 1 190661678
93 1 516288781
2
205 1 780504462
302 1 239627644
2
172 1 462995690
351 1 452172481
2
358 1 974469261
321 1 567314523
2
97 1 333410818
356 1 261361772
2
164 1 818949856
267 1 4366965
2
309 1 28466904
333 1 5715759
2
340 1 712742445
342 1 444636971
2
122 1 178240931
349 1 478688760
2
82 1 751471497
62 1 922387268
2
356 1 400000000
51 1 471197411
2
239 1 465246595
150 1 969362908
2
38 1 411395742
56 1 983877254
2
29 1 172451037
22 1 292147324
2
87 1 523718967
313 1 433062928
2
160 1 484102791
359 1 112411292
2
335 1 674143768
248 1 963061555
2
247 1 198650689
79 1 858534994
2
137 1 977794979
190 1 900038110
2
132 1 936973739
119 1 171071811
2
348 1 354174715
89 1 813457488
2
304 1 516737953
335 1 328361266
2
58 1 129845133
329 1 582431208
2
112 1 218919485
169 1 124166236
2
204 1 707704726
45 1 908072717
2
229 1 323439263
220 1 779933234
2
14 1 530459565
218 1 912648668
2
157 1 712799214
25 1 811003009
2
325 1 659033684
147 1 924455516
2
163 1 382811265
256 1 91974445
2
171 1 699574721
156 1 767597993
2
246 1 660224325
43 1 754634952
2
4 1 469043859
53 1 449397696
2
306 1 437522916
186 1 432302799
2
43 1 416517127
32 1 988575061
2
104 1 948401189
325 1 137652898
2
286 1 842997339
156 1 69864340
2
302 1 95398738
358 1 919990546
2
40 1 344389673
333 1 957541137
2
262 1 234489525
280 1 533634431
2
60 1 260723794
3 1 1000000000
2
18 1 956680985
199 1 320695704
2
333 1 228255215
358 1 380937158
2
337 1 656735946
186 1 226216004
2
247 1 2824925
66 1 133120609
2
159 1 529181598
116 1 680264894
2
137 1 168429342
333 1 928152009
2
192 1 950608111
245 1 915409171
2
273 1 975053517
39 1 847815179
2
88 1 26235679
73 1 261979327
2
299 1 480576209
116 1 369323708
2
111 1 303779272
223 1 645261408
2
55 1 596995533
23 1 839545560
2
221 1 869947982
36 1 327822908
1
180 2 1
