100
2
176 1 747396821
355 1 58671416
2
152 1 84616363
274 1 21384826
2
226 1 85460365
121 1 865648017
2
320 1 878516072
14 1 642008708
2
262 1 306473875
181 1 637116989
1
180 2 1
2
285 1 780622967
183 1 334735126
2
286 1 293737223
133 1 1188386
2
27 1 322364509
122 1 587375106
2
228 1 355499419
18 1 573746425
2
305 1 895214388
306 1 759011532
2
181 1 195114576
287 1 533176831
2
291 1 40719842
255 1 494023783
2
282 1 2900697
103 1 502572904
2
144 1 446698644
106 1 365138597
2
170 1 22558852
341 1 865045363
2
9 1 916676024
207 1 537724481
2
318 1 694472248
165 1 143843435
2
28 1 863254412
56 1 92504829
2
134 1 917533881
253 1 342080068
2
278 1 434054342
324 1 582269624
2
276 1 681288805
132 1 74551059
2
327 1 608910565
170 1 818839486
2
157 1 71133
359 1 40000
2
66 1 264170007
135 1 13180607
2
210 1 551776156
119 1 587051687
2
35 1 454464612
128 1 249482371
2
186 1 558460655
223 1 561331967
2
267 1 54368322
55 1 819375571
2
180 1 1
180 1 100000
2
352 1 843611796
54 1 274806105
2
127 1 170987843
301 1 814719686
2
246 1 253625199
275 1 713277533
2
110 1 306897420
345 1 390868559
2
123 1 786188497
293 1 279629468
2
233 1 594140405
296 1 870619200
2
205 1 100876690
147 1 375734126
2
195 1 717631299
351 1 21635626
2
254 1 908722427
126 1 999174622
2
55 1 155087711
18 1 212267415
2
31 1 744673189
72 1 718333933
2
117 1 909404327
344 1 371628547
2
155 1 516403111
126 1 369549798
2
134 1 105285508
352 1 702825569
2
108 1 590340109
13 1 547570610
2
66 1 609522184
34 1 362972470
2
23 1 70277821
286 1 93616051
2
82 1 592977425
124 1 230706943
2
188 1 777893616
229 1 810679952
2
153 1 963889533
59 1 167629261
2
265 1 77609796
25 1 126404836
2
285 1 58796457
326 1 466967331
2
109 1 771045886
33 1 226127067
2
332 1 90023948
345 1 98781430
2
189 1 208142103
186 1 995937171
2
145 1 53447741
167 1 478114449
2
3 1 93636535
101 1 620338350
2
154 1 758162805
50 1 608794218
2
242 1 159125341
295 1 440458168
2
348 1 107927587
48 1 996862677
2
1 1 684724390
268 1 192908651
2
115 1 784698023
129 1 446708997
2
357 1 18606598
219 1 949996896
2
5 1 518435860
10 1 604663985
2
49 1 678480945
23 1 43035561
2
351 1 414294284
224 1 916146460
2
38 1 953687261
32 1 629849440
2
115 1 194540223
97 1 609978423
2
148 1 90372463
350 1 881565369
2
166 1 496586637
48 1 891838226
2
271 1 434408908
202 1 424843112
2
149 1 284981407
144 1 489963238
2
271 1 831647331
337 1 478132174
2
299 1 6663231
273 1 915257553
2
71 1 653039560
116 1 382568505
2
11 1 554868042
205 1 645720482
2
289 1 301968524
233 1 956748208
2
304 1 557008881
328 1 336294185
2
273 1 895321772
122 1 163875762
2
286 1 796131475
141 1 790297567
2
180 1 10
180 1 30
2
338 1 829803000
194 1 302088041
2
166 1 439357441
281 1 816375071
2
32 1 14977289
239 1 747783657
2
79 1 700461585
153 1 652998205
2
51 1 471197411
356 1 400000000
2
42 1 279976325
358 1 241387818
2
183 1 260597083
213 1 24439943
2
345 1 418752658
299 1 1000000000
2
138 1 526092108
149 1 216795182
2
211 1 297628844
248 1 738236700
2
146 1 287648994
352 1 3524933
2
41 1 39353995
32 1 130505306
2
79 1 882400097
47 1 149452178
2
278 1 304240692
68 1 738454773
2
353 1 293463543
52 1 200403250
2
13 1 212024092
2 1 61758541
2
243 1 529242375
22 1 768602740
2
163 1 69648789
25 1 556349062
2
223 1 285333667
194 1 635228171
