100
10
5 1 855572013
248 1 133160814
29 1 172451037
174 1 368638446
151 1 694314799
213 1 750274645
303 1 667568653
318 1 409178101
262 1 360118695
22 1 292147324
10
295 1 91575265
71 1 795034724
155 1 180377692
169 1 404520547
16 1 462181782
69 1 227793956
237 1 481802338
221 1 286389370
291 1 68690928
81 1 722746016
10
233 1 294250611
67 1 975198054
116 1 680264894
180 1 502737810
231 1 546350582
291 1 989906965
159 1 529181598
125 1 636966545
32 1 98771165
332 1 905429604
10
218 1 437423932
230 1 440050163
34 1 408985715
265 1 428335188
283 1 364361670
135 1 320599860
320 1 452382634
91 1 409590730
146 1 404421030
63 1 341483920
10
175 1 581855042
96 1 496457676
180 1 602046981
350 1 534326172
236 1 502845247
26 1 528396242
14 1 593592770
50 1 566279573
257 1 520332604
81 1 616941216
10
75 1 850488686
15 1 267909208
115 1 607057422
293 1 171762893
81 1 157127018
28 1 90583378
331 1 36585205
81 1 80109106
65 1 491879377
66 1 267480786
10
9 1 351602443
349 1 383528793
133 1 395849655
49 1 378363482
319 1 287164566
344 1 313522316
194 1 335112987
347 1 298206803
278 1 288899322
254 1 320595536
10
2 1 48644447
133 1 129407920
273 1 605861972
323 1 327521618
227 1 817392303
316 1 468160255
114 1 589869686
218 1 639829354
303 1 356255289
146 1 15530606
10
170 1 471053383
277 1 431380882
137 1 383827188
89 1 478388699
91 1 500917425
33 1 362791121
158 1 375198293
157 1 388071362
214 1 399158695
59 1 379603500
2
180 1 100000
180 1 1
10
333 1 5715759
47 1 921512119
186 1 226216004
335 1 674143768
192 1 616723659
337 1 656735946
333 1 957541137
40 1 344389673
358 1 919990546
302 1 95398738
10
70 1 57950264
192 1 137519394
232 1 811064108
278 1 73303196
1 1 123965400
16 1 248388304
187 1 621666222
246 1 53602756
331 1 990538313
12 1 559001918
1
135 1 665095496
10
58 1 404423000
323 1 328382595
136 1 470340234
353 1 398907941
1 1 378851430
162 1 370493928
293 1 348586416
312 1 424264996
317 1 383552305
340 1 406585773
10
45 1 358047980
39 1 263392729
193 1 368636521
283 1 323760140
322 1 298503322
273 1 340512499
61 1 349901934
149 1 321438131
347 1 307458447
241 1 281671290
10
199 1 111088935
87 1 335042063
288 1 634001483
247 1 370579696
42 1 861231081
144 1 564519177
86 1 141132099
162 1 100914372
358 1 538339388
208 1 999241238
10
354 1 525166566
194 1 705655787
238 1 15082275
43 1 178180129
276 1 105254968
42 1 101896815
204 1 304588630
25 1 200768417
61 1 306648836
211 1 33107360
10
205 1 72181532
282 1 845435651
64 1 73008320
195 1 196967577
330 1 182034016
339 1 389871779
282 1 402844782
21 1 63881206
325 1 31714076
276 1 326096292
10
196 1 999898864
118 1 709447268
156 1 36590456
218 1 560256480
5 1 811868251
271 1 892584690
42 1 636475849
307 1 793814354
338 1 146208177
212 1 680908878
2
86 7 999999938
349 1 1
10
316 1 432672192
349 1 492536327
339 1 348595032
286 1 495049248
140 1 369459087
339 1 400060081
300 1 438323752
102 1 402060867
346 1 353113032
66 1 380284439
10
50 1 406228685
158 1 461947337
146 1 333395433
35 1 333365994
326 1 427495176
312 1 336097788
264 1 418825189
113 1 412306620
204 1 374946920
22 1 454999308
4
358 1 12
359 1 12
2 1 12
1 1 12
10
154 1 894296350
228 1 459100422
101 1 16255447
172 1 737031247
118 1 414925562
97 1 323163470
125 1 365923048
63 1 386862092
10 1 454620736
307 1 983236918
10
213 1 208084159
336 1 153537203
18 1 179828506
147 1 170173184
306 1 165490725
298 1 146449394
128 1 145851392
32 1 186280518
281 1 188038844
311 1 183589266
10
15 1 334285680
226 1 168964623
3 1 202447699
62 1 922387268
82 1 751471497
260 1 10727194
55 1 110572867
44 1 135408343
241 1 477680817
270 1 458998577
10
105 1 254000255
351 1 252872088
24 1 359286441
355 1 246590591
290 1 306392746
224 1 255343068
55 1 285357873
229 1 331779239
207 1 323988338
73 1 350417026
10
254 1 748585660
265 1 376221514
190 1 590954086
277 1 239160395
270 1 548955418
180 1 235889360
122 1 452899088
247 1 790511125
98 1 204304019
348 1 753141143
10
259 1 256668139
93 1 217484210
104 1 576044882
84 1 855134114
132 1 734504851
58 1 948348408
55 1 91050862
84 1 27884957
235 1 430603891
217 1 988168958
10
349 1 394707809
314 1 288583498
27 1 299486991
333 1 304808347
208 1 294005712
92 1 337770892
74 1 366950514
94 1 321525561
218 1 405111331
217 1 407515975
10
297 1 479915962
101 1 421222267
67 1 334272902
259 1 418319415
252 1 389039305
1 1 457218224
148 1 364700374
165 1 434015470
307 1 351656994
340 1 424385429
10
67 1 431008908
32 1 536262839
235 1 532355261
148 1 493223342
220 1 507936244
49 1 443045129
293 1 474390467
11 1 492946342
147 1 381263804
157 1 455522507
10
343 1 59501667
6 1 629451746
173 1 386407050
247 1 36505569
133 1 776743564
42 1 585535327
75 1 467918228
163 1 901193999
23 1 602724155
103 1 597604144
10
91 1 291905455
27 1 326348964
237 1 329747954
102 1 293308544
307 1 242565025
59 1 316788163
205 1 259155408
219 1 299764558
53 1 304103727
100 1 246774170
2
353 9 4915
143 1 999999903
2
356 1 400000000
51 1 471197411
10
43 1 55457816
37 1 541322293
116 1 412335280
239 1 701710166
79 1 306049578
26 1 559408692
125 1 651364836
48 1 401829228
346 1 608007704
239 1 653714218
10
208 1 26775
156 1 19950
207 1 26600
94 1 15300
122 1 17100
260 1 2142
36 1 5950
75 1 14280
132 1 17850
210 1 27132
10
333 1 709275509
280 1 49694709
286 1 124190315
46 1 118669860
36 1 344379494
82 1 282193854
250 1 562431707
291 1 157086176
243 1 802470167
252 1 536803919
10
34 1 375004438
50 1 373408699
174 1 387846459
178 1 342577614
39 1 310053249
44 1 364639036
356 1 342951724
25 1 358433315
327 1 374347448
300 1 393092243
10
101 1 988810323
296 1 493270143
62 1 824844139
75 1 756393650
318 1 705344191
191 1 540200415
317 1 819358146
36 1 245160224
286 1 915900418
231 1 280134750
10
119 1 410099858
316 1 428207760
146 1 396935150
37 1 486798650
317 1 533275133
206 1 495901611
14 1 372923423
281 1 453190351
341 1 381012455
320 1 482433171
10
152 1 526489410
345 1 505092832
312 1 521470861
79 1 483891366
13 1 389219804
26 1 381914180
151 1 511323626
289 1 387465177
243 1 505264811
59 1 394423608
10
285 1 230954422
322 1 313765868
60 1 239353310
309 1 249089102
356 1 217380151
135 1 287528038
32 1 290161606
286 1 312947958
125 1 285753814
188 1 221926905
10
75 1 22744
48 1 26082
212 1 22746
329 1 20709
301 1 19395
61 1 25249
205 1 22009
221 1 23739
165 1 23041
22 1 23930
10
205 1 2520
90 1 6380
192 1 23925
244 1 34650
250 1 36540
10 1 11484
304 1 71775
186 1 23100
273 1 46200
306 1 74440
10
338 1 169737468
250 1 225309435
249 1 736692082
326 1 742008917
99 1 310981804
15 1 341315796
334 1 101052515
330 1 128728385
131 1 199480636
39 1 75654302
1
61 10 1
10
42 1 289663596
201 1 354179165
345 1 344214311
171 1 274262098
328 1 284346490
60 1 284292011
274 1 403823573
288 1 332760859
268 1 348356855
240 1 313332589
10
91 1 300755734
30 1 319611453
150 1 300028512
306 1 329700430
217 1 354394836
138 1 243669704
60 1 293645484
136 1 296015040
77 1 262732049
332 1 282621126
10
240 1 1
164 1 1000000000
120 1 1
80 1 1
40 1 1
280 1 1
320 1 1
200 1 1
160 1 1
359 1 1
10
119 1 334300609
268 1 352251484
40 1 319526607
37 1 320939153
299 1 319966670
237 1 401465474
215 1 276773958
341 1 388325955
174 1 275053622
262 1 359597113
10
106 1 427700276
246 1 387566849
36 1 428726664
285 1 516593944
199 1 476073537
227 1 442359297
116 1 497119319
250 1 444303111
168 1 515154943
169 1 514495531
10
89 1 813457488
55 1 596995533
351 1 452172481
218 1 912648668
23 1 839545560
358 1 380937158
317 1 734320253
205 1 134910321
333 1 228255215
14 1 530459565
10
204 1 707704726
45 1 908072717
286 1 842997339
156 1 69864340
325 1 137652898
104 1 948401189
213 1 594566357
138 1 364239358
148 1 782294539
96 1 120098154
10
30 1 3828
234 1 31900
260 1 40194
304 1 71775
24 1 5775
288 1 55825
276 1 47850
273 1 46200
80 1 14355
315 1 89320
10
3 1 578185799
297 1 148488931
153 1 247689493
313 1 433062928
87 1 523718967
43 1 754634952
43 1 280247402
246 1 660224325
17 1 140336958
198 1 605344421
10
300 1 78205159
59 1 264477812
27 1 940387068
359 1 792151846
14 1 46657884
1 1 224995131
87 1 249459048
182 1 970894943
66 1 152017199
267 1 640561728
10
153 1 642848677
265 1 946187798
169 1 521586156
61 1 693091337
280 1 110571385
62 1 719341787
195 1 192294119
155 1 478138453
29 1 656874514
62 1 135691165
10
345 1 332502715
336 1 535026375
95 1 82826094
125 1 576394334
29 1 825218145
40 1 971790062
32 1 50099943
278 1 474260387
202 1 69598217
305 1 526258339
10
217 1 167401403
336 1 654670202
54 1 875246689
255 1 344069660
168 1 223125010
249 1 430990486
234 1 97093177
299 1 105056
274 1 523415739
296 1 492717635
10
144 1 442403673
284 1 451333649
242 1 349299210
139 1 320487454
127 1 361789343
56 1 407617080
340 1 378519536
313 1 426308612
341 1 427060420
185 1 302007486
10
171 1 683331749
227 1 506582768
20 1 184523310
343 1 949390754
61 1 72056759
68 1 53385538
145 1 334505192
224 1 42549468
214 1 680940291
262 1 986315826
10
324 1 418082353
176 1 397738577
83 1 395581132
217 1 370991581
209 1 447352900
92 1 403393652
67 1 432002011
226 1 373634306
140 1 340159089
34 1 403921969
10
180 1 24310
315 1 97240
275 1 51480
173 1 23400
105 1 4488
160 1 21879
5 1 6120
224 1 32175
230 1 33660
295 1 67320
1
316 10 999999962
10
274 1 399624247
56 1 321755573
251 1 330534960
355 1 332596626
19 1 309092153
187 1 356981088
129 1 383921660
115 1 370686355
301 1 375211166
190 1 370303764
10
24 1 371364839
173 1 312321180
246 1 318501566
144 1 311518144
53 1 284173914
208 1 294634184
314 1 252465294
194 1 316388631
69 1 257840148
336 1 280464390
10
144 1 177952089
353 1 450828523
126 1 116202771
146 1 903028962
267 1 861706226
259 1 598222990
146 1 398017310
58 1 853086523
255 1 179295559
262 1 555688527
10
341 1 295755483
111 1 614220055
129 1 119147112
233 1 382850199
20 1 479961761
183 1 151470239
226 1 159929362
301 1 50312926
21 1 51231713
33 1 422329906
10
300 1 62790
255 1 35880
135 1 6440
310 1 75348
222 1 27300
180 1 20930
75 1 2760
269 1 41400
320 1 94185
295 1 57960
10
315 1 260676520
240 1 326238451
256 1 260714110
294 1 285260238
20 1 294604584
188 1 258138806
213 1 354008428
12 1 332705113
234 1 279993365
255 1 290092241
10
112 1 945275174
56 1 564286775
240 1 292086288
66 1 107069193
139 1 103177097
165 1 874012404
205 1 285820495
65 1 540365562
98 1 630471863
40 1 515212897
10
142 1 369230189
171 1 404824118
253 1 440443278
154 1 417043483
342 1 434724659
183 1 366417455
152 1 341641589
266 1 461445888
143 1 363100142
188 1 345109084
10
209 1 406879577
264 1 388882389
109 1 321686050
28 1 384258655
341 1 327754270
238 1 290190774
312 1 350989638
31 1 392796446
317 1 380624107
208 1 353057094
1
180 2 1
10
82 1 462682521
1 1 477026030
358 1 974469261
321 1 567314523
156 1 584224672
21 1 86732393
262 1 484887590
133 1 287187581
91 1 103445204
260 1 820627126
10
16 1 530064570
324 1 506576486
47 1 516465083
290 1 407414983
32 1 402666354
283 1 557980321
99 1 479822613
60 1 450414978
192 1 441509789
204 1 485519036
10
97 1 333410818
157 1 712799214
356 1 261361772
340 1 712742445
302 1 239627644
342 1 444636971
99 1 924086797
25 1 811003009
20 1 339073863
171 1 131427440
10
357 1 308492713
193 1 335282665
322 1 333286721
64 1 329059237
330 1 298676423
279 1 308530085
150 1 336302629
153 1 321990509
131 1 252786608
107 1 286675670
10
154 1 364296206
185 1 445210795
11 1 330803661
359 1 431138857
299 1 441948505
238 1 334422525
202 1 470233668
335 1 425697584
153 1 393605048
46 1 383706467
10
234 1 29900
38 1 11700
245 1 32760
252 1 8050
240 1 31395
315 1 83712
268 1 40950
290 1 53820
60 1 2730
120 1 15696
10
271 1 826649113
243 1 847772632
201 1 324167336
353 1 532529874
70 1 31831002
182 1 316239485
251 1 811660312
45 1 907978490
123 1 233284983
92 1 210534705
10
85 1 468952101
107 1 369848419
230 1 403864105
117 1 475329547
242 1 376595214
132 1 377546005
272 1 453256871
64 1 355830368
118 1 468892665
178 1 367917704
10
288 1 1
216 1 1
144 1 1
108 1 1
359 1 1
324 1 1
252 1 1
180 1 1
72 1 1
36 1 1
10
335 1 400949609
190 1 339149026
171 1 295104634
100 1 363194631
263 1 392310963
224 1 391344178
130 1 270707920
322 1 352715237
178 1 287144858
337 1 313767155
10
344 1 292907244
90 1 353694405
23 1 357555348
297 1 99186986
283 1 119908707
118 1 566529290
162 1 131149662
304 1 127808575
17 1 79320053
223 1 704134366
10
280 1 54702
272 1 49725
305 1 79560
180 1 24312
309 1 85800
35 1 13464
295 1 67320
180 1 24308
304 1 2925
117 1 2600
10
185 1 433300514
321 1 358810485
49 1 437539643
103 1 392448714
334 1 390444296
177 1 410973012
23 1 359980885
223 1 344696617
48 1 443625182
167 1 392246817
10
99 1 624715162
335 1 535290014
12 1 449063923
19 1 466276281
36 1 478669427
204 1 581687744
125 1 522798688
3 1 460648057
343 1 533284726
316 1 605076597
10
241 1 302126888
31 1 371605928
102 1 391250749
48 1 407430711
215 1 379303613
299 1 369431677
58 1 398709152
55 1 351500580
318 1 335849371
275 1 318629678
10
303 1 297033694
124 1 375445272
158 1 282282196
342 1 368690987
24 1 299196842
227 1 303825450
347 1 290159066
353 1 346702041
354 1 372795962
256 1 299159303
10
303 1 579058162
193 1 916122982
59 1 651480760
57 1 407035329
279 1 315423041
320 1 265125833
96 1 367014014
110 1 414835337
49 1 726153474
149 1 741425687
10
168 1 21195
312 1 84795
315 1 90448
270 1 45216
180 1 22612
224 1 29925
279 1 50240
92 1 6480
185 1 2520
180 1 22610
2
180 1 30
180 1 10
10
291 1 426157280
134 1 379074146
245 1 403329488
290 1 481276860
120 1 533026709
353 1 381324414
163 1 532087172
45 1 489033603
266 1 510417431
36 1 451321410
10
28 1 704987031
85 1 110823169
88 1 962049588
35 1 920762727
41 1 645526860
319 1 780729371
176 1 175487958
346 1 199855788
179 1 533229403
356 1 331659054
10
159 1 875678919
38 1 586573460
61 1 105240545
310 1 305886814
109 1 641248518
3 1 252882450
204 1 131176873
115 1 206843847
130 1 834996075
282 1 725675690
10
296 1 190661678
192 1 950608111
93 1 516288781
245 1 915409171
329 1 582431208
58 1 129845133
163 1 382811265
256 1 91974445
267 1 4366965
164 1 818949856
2
359 1 40000
157 1 71133
