100
2
199 1 963964645
12 1 487175770
2
114 1 881297261
229 1 575789809
2
332 1 887348531
14 1 105001093
2
273 1 606630185
113 1 535125096
2
353 1 988729285
184 1 925179081
2
158 1 971588371
304 1 90808284
2
125 1 197001851
180 1 945087183
2
233 1 960849169
224 1 201526770
2
133 1 999485054
336 1 336769686
2
51 1 471197411
356 1 400000000
2
46 1 704246738
285 1 432480756
2
180 1 10
180 1 30
2
67 1 453376500
284 1 25099497
2
199 1 188935241
90 1 67318926
2
79 1 811089881
39 1 116907874
2
165 1 436612229
295 1 214939587
2
80 1 261602170
298 1 80354657
2
304 1 785176704
294 1 191258606
2
349 1 236771019
217 1 332837661
2
37 1 911924359
89 1 15507981
2
27 1 877276177
65 1 252241172
2
331 1 834299396
223 1 114825570
2
315 1 1000000000
68 1 534311132
2
209 1 781603718
28 1 858416149
2
275 1 550319044
242 1 199568945
2
257 1 543976399
33 1 874743568
2
140 1 370022072
205 1 329827706
2
137 1 903723531
58 1 542242382
2
223 1 216042555
55 1 654129139
2
319 1 76684472
236 1 598350795
2
246 1 840649811
292 1 306273883
2
225 1 706393961
65 1 302414941
2
216 1 65456426
197 1 426772529
2
122 1 445815145
14 1 527577789
2
286 1 447443091
127 1 761951996
2
258 1 20236302
230 1 30259806
2
186 1 930145328
52 1 623840503
2
38 1 425835830
143 1 375384522
2
263 1 97698904
300 1 587363622
2
130 1 52704429
148 1 668291911
2
54 1 166661455
184 1 84520633
2
204 1 265460856
92 1 995517439
2
6 1 158861223
94 1 240313624
2
8 1 279750847
319 1 285825896
2
308 1 584995154
101 1 239442602
2
66 1 703262895
10 1 948283865
2
95 1 752121004
358 1 406714284
2
139 1 851370644
134 1 488183209
2
320 1 974703202
354 1 311949639
2
41 1 646056730
147 1 414085069
2
238 1 930982692
86 1 268011145
2
253 1 507371774
207 1 681859820
2
342 1 807786123
68 1 44234481
2
46 1 176315216
323 1 885962227
2
53 1 855867841
169 1 868418338
2
9 1 491253144
103 1 222636282
2
15 1 859200777
280 1 336098291
2
157 1 71133
359 1 40000
2
22 1 314514089
12 1 505083328
2
124 1 169008719
83 1 198127353
2
323 1 336291167
74 1 895934841
2
98 1 700006252
87 1 65285902
2
161 1 439883093
164 1 602862912
2
300 1 620783236
78 1 68451226
2
232 1 907029925
226 1 955795296
2
99 1 872365108
295 1 757015941
1
180 2 1
2
214 1 830559185
216 1 783912688
2
19 1 131524695
233 1 40727202
2
21 1 666178434
14 1 785058449
2
269 1 133215415
119 1 583546987
2
125 1 449549324
153 1 80832947
2
280 1 953541999
33 1 906772425
2
41 1 463333688
42 1 487955961
2
269 1 278308656
345 1 120150673
2
3 1 706399566
125 1 31329901
2
80 1 793613621
230 1 363668690
2
314 1 223800315
202 1 54788603
2
89 1 233244512
81 1 665258566
2
38 1 131928745
121 1 10616509
2
279 1 674811308
295 1 231992657
2
329 1 571167844
294 1 21551372
2
61 1 215263380
114 1 564097858
2
306 1 738122738
199 1 51329099
2
6 1 162631981
189 1 405775519
2
38 1 345557977
152 1 447318710
2
162 1 802910865
78 1 912138765
2
155 1 279409416
113 1 179870947
2
88 1 270090796
199 1 62595786
2
163 1 520808149
148 1 321815163
2
282 1 259214622
112 1 712620211
2
294 1 218810703
262 1 941378840
2
112 1 807864031
351 1 976765609
2
317 1 40810668
293 1 755748235
2
128 1 11725985
358 1 485802520
2
180 1 100000
180 1 1
2
164 1 407447080
235 1 285015048
2
185 1 704483628
190 1 289602590
2
246 1 736825640
320 1 804345374
2
354 1 487836602
293 1 689793569
