100
1 4 27
1 6 11 23
1 1 2
2
1 2 25
14 20
1 2 2
1 2
1 2 13
2 7
1 3 29
14 20 28
1 2 24
23 24
1 3 23
16 17 23
1 3 29
18 22 28
1 1 5
4
1 1 8
4
1 3 6
1 2 5
1 1 28
26
1 3 19
5 6 14
1 2 10
4 5
1 2 20
5 9
1 2 27
3 7
1 1 17
4
1 1 22
13
1 3 21
15 16 21
1 1 2
1
1 4 28
5 7 13 27
1 2 25
4 5
1 4 24
5 13 20 23
1 4 29
4 6 12 26
1 1 24
21
1 1 2
2
1 2 8
6 7
1 3 30
10 28 29
1 4 30
4 16 26 30
1 4 18
1 2 8 14
1 4 25
1 6 9 17
1 1 30
4
1 1 2
1
1 2 24
10 20
1 1 23
20
1 5 5
1 2 3 4 5
1 3 10
4 9 10
1 3 29
3 8 16
1 3 24
2 6 12
1 2 30
1 28
1 1 10
10
1 2 19
15 16
1 5 30
1 2 4 8 15
1 1 28
22
1 3 28
2 6 9
1 1 23
23
1 4 22
1 6 8 17
1 3 30
15 23 29
1 3 18
9 17 18
1 3 16
9 15 16
1 1 30
1
1 3 19
1 6 11
1 4 5
2 3 4 5
1 1 6
4
1 1 7
1
1 2 30
12 13
1 1 21
5
1 3 29
4 6 12
1 2 27
20 26
1 2 10
2 4
1 2 8
5 6
1 1 22
2
1 4 23
3 4 9 20
1 2 24
12 22
1 3 21
8 14 21
1 2 29
17 24
1 1 24
2
1 3 21
4 5 11
1 4 16
1 8 13 15
1 2 3
1 2
1 1 29
21
1 2 25
15 25
1 4 26
12 16 22 25
1 2 22
17 22
1 2 15
3 15
1 3 17
5 7 13
1 3 27
4 9 15
1 1 30
30
1 2 14
9 12
1 3 14
3 4 10
1 2 20
4 8
1 1 28
8
1 1 2
2
1 1 23
6
1 2 28
3 7
1 1 13
3
1 1 2
2
1 3 26
11 16 20
1 2 18
4 9
1 3 14
3 8 13
1 1 17
4
1 2 27
4 9
1 1 15
11
1 4 16
1 2 4 8
1 1 5
4
1 3 16
14 15 16
1 5 16
1 2 4 8 16
1 3 18
4 5 10
1 3 20
3 5 12
